SPHERE 100 -400 -300 100
SPHERE 100 -200 -300 100
SPHERE 100 0 -300 100
SPHERE 100 200 -300 100
SPHERE 100 400 -300 100
SPHERE 100 -400 -150 200
SPHERE 100 -200 -150 200
SPHERE 100 0 -150 200
SPHERE 100 200 -150 200
SPHERE 100 400 -150 200
SPHERE 100 -400 0 300
SPHERE 100 -200 0 300
SPHERE 100 0 0 300
SPHERE 100 200 0 300
SPHERE 100 400 0 300
SPHERE 100 -600 150 400
SPHERE 100 -400 150 400
SPHERE 100 -200 150 400
SPHERE 100 0 150 400
SPHERE 100 200 150 400
SPHERE 100 400 150 400
SPHERE 100 600 150 400
SPHERE 100 -600 300 500
SPHERE 100 -400 300 500
SPHERE 100 -200 300 500
SPHERE 100 0 300 500
SPHERE 100 200 300 500
SPHERE 100 400 300 500
SPHERE 100 600 300 500
SPHERE 100 -600 450 600
SPHERE 100 -400 450 600
SPHERE 100 -200 450 600
SPHERE 100 0 450 600
SPHERE 100 200 450 600
SPHERE 100 400 450 600
SPHERE 100 600 450 600
SPHERE 100 -600 600 700
SPHERE 100 -400 600 700
SPHERE 100 -200 600 700
SPHERE 100 0 600 700
SPHERE 100 200 600 700
SPHERE 100 400 600 700
SPHERE 100 600 600 700
LIGHT -300 300 0